0.3875927915932428	-0.6278194238634405	0.2529533112689092	
0.7463018943979044	-0.9209582414332426	0.4033919612834562	
-0.9083225343609985	-0.7129160633426721	-0.01743397583183659	
0.021402938102831004	0.9642094296540957	0.8824140599501249	
-0.8693173113422392	-0.5223073247132637	0.5078161327591837	
0.6304720439948026	-0.9710483529598309	-0.956487856169387	
0.18466778252063276	0.3773240922243868	-0.5479675832247036	
-0.8096098111579477	0.8122152569532515	0.5851692590594003	
-0.19949012234919772	0.6824315820739063	0.6785573521457609	
-0.5119870871855685	-0.26060256553777916	0.791477088588448	
-0.1551889752623593	0.4131682555858276	0.6355890226476287	
-0.1069760610168663	-0.5026813304528858	-0.13236644533664843	
-0.10789216949974478	0.19447884936833482	0.9982007358584696	
0.27297741781166873	-0.38001600304415906	-0.07655171733030486	
0.7637717748516966	-0.3916520487189734	-0.3473763257559006	
0.6809588672876126	0.9241914718522423	0.9052491561528239	
0.3600051224740879	0.6917377293237379	0.9735006503424172	
0.6526345010077272	-0.47601524994155464	0.8695733356212056	
0.4789185152230656	-0.3027322971245454	-0.960731714016098	
0.15787845476960138	0.5011470269161937	0.050235482856665015	
-0.5353955450288235	0.14098543405806419	0.3599510572007043	
-0.29038072634748	0.12934682193215508	-0.6708561336880847	
0.6239206483184555	-0.21419478128565606	0.13959287806472842	
0.7287161915561137	-0.4533217304154695	-0.515618292089298	
0.4516679635042524	0.8380198311784555	-0.67494152199796	
0.6519131064919468	-0.7256907619140074	-0.5951515035620176	
-0.21783452888375043	-0.34875990228668274	0.7015258803918719	
0.13427064264861444	-0.7888760443315851	0.2914514634949429	
0.5269555239630308	0.5927055643660749	-0.9170287752562624	
-0.1935889715098752	0.36276782340254676	-0.8933031986957872	
0.7452291768371271	0.684686564524451	0.7686677076539798	
-0.4101403644149627	0.19879966432023366	0.7080910465064179	
0.6239169757947535	0.3340032982749951	0.4092929490455901	
0.37062273663779555	0.5866095417708383	-0.8040414835503233	
0.5226747494561828	-0.43534369228048475	-0.3454881119706802	
-0.12200193092562905	-0.2707511613730932	0.8988598104757503	
-0.1682087829510035	-0.6154503217342279	-0.9347468265346988	
0.344562631257219	0.4999594841082926	0.9663853825823208	
0.5799403699487835	0.013217504247344358	-0.6163387749603215	
-0.07165228297377624	-0.6902630736921966	0.782304128081494	
-0.5844010782937272	0.7515618496532046	-0.581767220453982	
-0.4955158335569674	-0.03577471728096826	-0.8731214116337344	
-0.22387040973274341	0.3338236871063269	-0.5057589346802078	
0.7042839578685443	-0.3472818254987535	-0.16951194195454256	
0.34230619516624006	0.5656212650703706	-0.9675170637053735	
0.09459083160294368	-0.43879591165309606	0.09582789370487699	
-0.702907491009711	-0.5649931063396113	-0.2945060382174778	
-0.6974618810254617	0.5160104972179266	-0.8519604042767515	
0.15668854382378772	0.9793284703818456	-0.7573268437831121	
0.7420259991757125	-0.2481553212186114	0.2619132346612373	
0.6402314634205695	0.6769998004933521	-0.3342802844250983	
0.4622706723240979	0.5260238908166758	0.7753621851633176	
-0.13332467859167763	-0.924774715849688	-0.6480044187258387	
-0.4264727228104621	-0.3239908713378157	0.014137268306323225	
0.15348262881830566	0.3989999790311888	0.15411186541808586	
0.5371010364981673	0.592624041396046	-0.6549790172314864	
-0.9043820030129377	0.3092129328656802	0.2330416898016585	
0.3109023142688765	-0.711035557575051	0.4330842922398088	
0.8290382369776553	0.4372508519510635	-0.5013792870366882	
0.10454421287994276	0.7244054772539771	-0.6378711517915726	
-0.04608533883312993	-0.013092200840495338	-0.41768711649257173	
0.6006050672292313	-0.3821504538877333	-0.6530562110292947	
-0.9688112042803165	-0.06057791444726435	-0.11042810588285967	
-0.11186283769735184	0.8759984167729175	0.8675518528564052	
0.3216396347209206	0.1518251740284866	0.301852511727002	
-0.09875026774114959	-0.15477051131088682	-0.651855354338695	
0.7775391319712998	0.4085596563516187	-0.24175821726760416	
0.7255074103124511	0.7639591968977374	0.05651519462325283	
0.5423778543075207	0.08175710460853813	-0.6988232891913427	
0.304976239937644	0.32323167635552374	-0.4449246489340831	
-0.408533119917592	-0.12789813337124156	-0.2847490391261013	
0.10014694756764964	-0.013776203514611174	-0.42210619176679265	
0.090102714324369	0.880805295781803	0.7077405187128633	
0.1624786628561815	-0.7999479663726282	0.16431483886987663	
0.03585469833386412	0.19244446671430593	0.9668907634910896	
0.6926823098232205	0.5559605165399776	-0.5912021465953659	
0.3935910218495283	0.28423770316315033	-0.007823775280378698	
0.8090663367189427	0.808407604795794	0.7529470362732256	
-0.37088972520588315	0.01234779007763176	-0.9624908790203939	
0.6017114310529839	-0.43918948787618306	-0.32917351970276776	
0.9022293335962331	-0.30605954057888984	0.7923033984653487	
-0.9376529250966518	0.4209565480404712	0.2546392613987801	
-0.2912880263617792	-0.18779656902652708	0.9438244714451949	
-0.6629149291311186	-0.47847253209814244	0.19859346893813457	
-0.34974970860579846	0.026476362678437337	-0.5100311105569045	
-0.6216535011288671	-0.48433849952229047	0.930366096287307	
0.5002374247561507	-0.5128207893889347	0.3676972446646093	
-0.2808306655753151	0.4063075491932989	0.5031647433057864	
0.35103437413587735	0.2759027263416477	-0.8327374239089546	
0.710754625390781	0.7259600033427417	0.6812198797323361	
0.38404119668747794	-0.08462420046464181	-0.5403895979898252	
0.22748648338786392	0.4447968196349614	0.12233239861475387	
0.624957889841762	-0.19598494054238302	-0.5159049124727386	
0.15252667182070867	-0.08384931822390196	-0.5085424114261109	
0.48596720663305815	-0.623914759494316	0.7539511716499352	
-0.8883594761930576	-0.46669106678278327	0.09205158028339233	
-0.38623577160274647	0.908106716077398	-0.07122590467285106	
-0.8453472708593499	-0.5532779399119744	0.9916957196488962	
0.26433810859922025	0.3617026941571235	0.536813935292395	
0.6861306522340502	-0.16333063864917063	0.037178519743846006	
0.699248063233699	-0.7698465302949153	0.41861336712629793	
0.8781044297528078	0.09301349498307254	-0.013940763515368548	
0.05283066450535545	-0.09803433699227482	0.31169309002921697	
0.6627037413083231	-0.8874522581562235	0.8109541761162806	
0.8368069738960544	-0.9498553319674586	0.9357338716387366	
0.26214829602799716	0.38417262840185296	0.2168927806043346	
-0.3909535600489411	0.2881309026440926	0.003744194037952786	
0.4499571050624508	0.08883036097722385	0.9470485429377768	
-0.9368368533815359	0.3016234535973795	-0.5730311095036564	
0.5109601464441694	-0.4846428834379135	-0.9140222329418899	
0.14267210384622242	-0.2614007269043973	0.39194534268432013	
0.10969698463525257	-0.5107215371424983	0.779635029264061	
0.49993573484152765	0.76660540845371	0.9522090169020048	
0.673007366263508	-0.6720420994330104	-0.44366948846955845	
-0.07114855699637745	-0.9287938031756783	-0.24667340177139485	
0.5732814707531182	0.5650811327565746	-0.3369632702050924	
-0.5207868437952768	-0.7871714023758744	0.6161431467913696	
0.6732533513218117	0.01818406525369254	0.1920429583773252	
0.7875670525585358	0.583967411000327	0.546442625693323	
-0.6613833781125303	-0.5545202970384582	-0.36389915781449456	
-0.29638904221952533	-0.4598541556865057	-0.8481888369921604	
0.06879083697189892	-0.4880195127159491	-0.7666683729476864	
-0.24201178503425158	-0.6537314264102417	0.31677471125253875	
-0.9143612824937005	-0.6589728216045936	-0.07890099128623296	
-0.20407476301494176	-0.40935996210644765	-0.7288553239499639	
-0.5740674746220384	-0.606020748232216	-0.05075889393888777	
0.17436691525474024	0.5032422354019499	0.8841689988980528	
-0.713706939693244	0.8550399305464663	-0.5209004256198175	
-0.9922844111025365	0.6138126917728964	0.3478141060123521	
-0.9611726144274599	-0.9829788803074652	0.11897406652844167	
0.19320750406482956	-0.6514139520502662	0.588141372954897	
-0.42503838197271526	0.1859822117602169	-0.5915568569371112	
0.3770657640936873	-0.6616992852741534	-0.33921074295222475	
0.19065366037183118	-0.24618255953291146	-0.24503689906316073	
-0.40064980844422593	-0.002015631597634626	-0.2443009227795796	
-0.5431069632649916	0.050327183356349336	-0.14835422908582896	
-0.9872673264352158	-0.17098591518852013	-0.15824849243351058	
0.8783311127589479	0.16594670441632442	-0.4816774834187296	
0.7311296052575348	0.9459232023839139	0.9014328940598921	
-0.06928750727429656	0.42706138013310224	-0.7540087283494523	
0.9513941178190797	-0.3508730416658409	-0.7670126497763441	
-0.4535808804183612	0.021460047741092114	0.5433720791366058	
-0.4220778522996941	0.43999512732872037	0.685556671818959	
-0.6020198520635913	-0.20537567000840173	0.9376564030527103	
0.6690950211214733	0.93665860559445	-0.6475045207087649	
-0.6145525529620933	0.49892035677263336	0.9723463051092688	
0.2844618079358753	0.4180401686538	0.7739276596179967	
-0.870671116628481	-0.03693240972248213	-0.07328921213525341	
0.5602500290998724	-0.9781776678484164	0.3098534091743166	
-0.9357924612653281	-0.6649259310363091	-0.8183113396298665	
-0.6911605986275463	0.13934619950231708	-0.7919518784740608	
-0.693286901094976	0.37862366379615486	-0.23090839792164086	
-0.8346264778599091	0.21228768600377568	0.7136757808505915	
-0.7337404474762244	0.8080922533371712	0.3124016757197292	
-0.45114430186748733	0.3302389949360778	0.17598160609486369	
0.5887004703687738	-0.6437883435481706	0.6058639032271046	
-0.5750727627828082	0.9998677742715486	0.27054991739287315	
-0.5455686139341934	0.19186249460324312	0.2657833101980617	
0.9874246024928766	0.22413922326125701	0.29496146854280747	
-0.5234686171611408	-0.6298581830606522	-0.3818485864661788	
0.6772185727712063	0.057800907068236373	-0.34557528911314705	
0.8268314118860443	0.011480561958162161	0.17340117417760104	
0.4867465443846555	0.8555870842537081	0.373893163369286	
0.5241029487452534	-0.6404002524338495	-0.13301588784843488	
0.4386500267453758	0.46640788135816813	0.42598501326269655	
0.7233953468299196	-0.09809547256125994	0.25333431837210274	
0.938989457874033	0.21370273327803713	-0.5120877867471434	
-0.1350651965105325	0.9695253366233264	-0.12068994619756623	
-0.840528740797093	-0.6828015884064598	0.37478024564894485	
0.023117206891008824	0.16296598849007038	0.9022279663732485	
0.23424629429169186	0.11055152808958912	0.33917460674401567	
0.9529956577472779	-0.6666307966222466	-0.09013655870774762	
-0.8146235452093018	0.540630402626378	0.43735540174597987	
0.6427396796548273	-0.624733900322573	-0.2972707779194824	
-0.7355498875648157	0.8698829749210074	-0.10183486038367329	
-0.7176431079588169	-0.7494467271918037	0.4228640353275722	
-0.03872348486803867	-0.466679722447608	-0.919082853863749	
0.25547292858592274	0.31273500645286756	-0.1251863831603064	
0.9952149198120802	0.19171173263967667	0.22422943898983172	
-0.6899652409794088	-0.28335384163795074	0.7499226157569762	
-0.053400963835803394	-0.39479982268870717	0.7018256950615559	
0.9147309870072178	-0.5893164663702316	-0.6687077758077001	
-0.5327642822050828	0.7982097527433897	0.6350891214159338	
-0.2978682061631186	0.9949424119275345	-0.3816710313608759	
-0.7430936154587756	-0.10762938863636873	0.017347641053939378	
-0.7794916227242332	0.6841291353510017	-0.7310034697160045	
0.842408898618997	0.7163782790589972	0.40443621220479176	
0.2800540242504198	-0.33778037426702245	0.1594793195691827	
0.4744739897450594	0.9865831371839373	-0.14558859373934097	
0.2967486132257915	-0.28336390897051933	0.12852390992438623	
0.04804926375667007	0.3029682559201571	0.4829062219298499	
0.8084448311573487	0.1783599060851897	0.5848361824942766	
0.4350753190113943	0.4005722470312918	-0.9557747215328055	
0.4465249578855722	-0.6669005582247095	0.7327371097584472	
0.8737677707195313	0.3671181294592637	0.5866384542125375	
0.3196522619073938	0.520190726103981	0.3313300494896677	
-0.9651426547011861	0.2139266216967226	0.45833161738602346	
0.9049158553374106	0.9363378676016975	-0.2912223254000622	
0.8477806534042354	0.9961775535367725	-0.5207041590192129	
0.03596131883171472	-0.9340094159883375	-0.49497239615124977	
0.9256776587230404	0.14398740186911574	0.7855696355451176	
-0.23063035242832142	-0.1268740411807706	0.5085901211238202	
-0.9078180003002189	0.9401860072947396	-0.4840410049734609	
0.406296790388712	-0.6120729035004927	-0.18833205480177795	
0.39564603673884813	0.9488387284993312	-0.2691097667638097	
0.43050006823904585	-0.2460057346136738	0.11769810599572827	
0.8259007172211572	0.6604749178141788	0.14886265694711553	
-0.9476416764872542	-0.21450547270475395	-0.3339492701256528	
-0.24131641084066513	0.6756474488305669	-0.5320191306706253	
0.5094241603464242	-0.5320149686381879	-0.9216307175842966	
-0.12048339473440295	0.3978620191915764	0.5575123234244751	
0.21737581332445244	0.9256674336976919	0.762498480863802	
0.35069910495537593	0.4500793271823429	-0.7636246312722876	
-0.8602189889714555	0.475212036109822	-0.03691184919192525	
0.3739314586324889	0.8659067724821611	-0.1297287246269596	
-0.8970036097299047	0.3885147503545304	0.9711680969480031	
-0.5760539905936702	0.53726089227215	-0.5949734892135118	
-0.5988412513065758	-0.39490381466375946	-0.818419299653738	
-0.12330165606832799	-0.4246955852758513	-0.3232934725525457	
0.21773998954755325	-0.4349180789416237	0.14772660316172648	
-0.6774357545236148	-0.6547551923167568	0.24290971086540847	
-0.20045351105259468	-0.6150557981585659	-0.19646947713333562	
0.7423944419627072	-0.8406255733970911	0.7410286044898705	
0.20842262503263065	0.7799100168969139	-0.31574328105858396	
-0.8102456540289618	-0.7680206865547657	-0.8407347980807763	
-0.04180072409546687	-0.5316166704179321	-0.40654134341319415	
-0.9830471469423523	-0.9876555662415941	0.7271128960828938	
0.49621983146631987	-0.0978292306950933	0.706432440641207	
-0.3497582628935061	-0.8488216263887981	0.12342191515068612	
-0.7053665139899842	0.11447435282014728	0.34210830578066365	
-0.09363658827471122	0.09549318019759268	-0.7456858072647161	
-0.6406025730440538	0.14833053777084537	-0.7125900719298298	
0.09559208750712223	0.32705902812902976	-0.885351764646571	
-0.15077801424740422	0.6370121033824191	0.011046618324197177	
0.6827599380025052	-0.40018665421403055	-0.0847077690928304	
-0.23104922753376123	0.8702291718326362	0.030091427943789162	
-0.149092876609754	0.216490523481231	0.878539440836288	
-0.10892800874235775	-0.6762333679217365	0.8260894244238607	
0.746062457590132	-0.30259027941387795	0.6780455530456951	
-0.2289523122686239	0.6111485524095862	0.8424184119723158	
-0.006598079385896072	0.14480849523483807	0.0693205645124334	
-0.3042830605761806	-0.6764243707213223	0.7097946669746271	
-0.5241811442529696	0.39017200505629857	0.08875148296697011	
-0.2841952750782709	-0.9109398401179615	0.15368549672466536	
-0.6615516554054515	0.7685444937215651	-0.42146575185453616	
-0.3608465171742049	0.6193230037233429	0.24449624399566328	
-0.10977262261018117	-0.9276322390103612	0.9465053131736912	
0.0068687389874871885	0.506842188707881	0.6256330258842208	
-0.7584375197601487	-0.30326936385182657	-0.6236920117360567	
-0.4972448956896425	0.5937626962031171	0.34770650950424475	
0.9715944683931027	-0.6718022089771878	0.38218736155136945	
-0.4245944160450722	0.4783526980830948	-0.524056320182811	
0.0915006406268889	0.14955735397096115	0.42953989312981744	
-0.3664067674595909	0.30776042744251864	-0.20343938554879748	
0.813608364905038	-0.11629113359123167	0.2525517435040344	
-0.10592589284741138	-0.6997743609562423	-0.6301398930052953	
0.9912246463019122	0.8451831967582716	0.5275850738803387	
0.6453024295189586	-0.8360169012561425	0.42992258016047236	
0.43707401819422154	-0.5213503684718996	0.1979686159571714	
-0.6802946744827499	-0.018411014783026425	-0.22216486236452815	
0.39153417662619117	-0.8240208729951265	-0.10995311563915999	
0.2302135638742272	-0.14579855897798943	-0.7141676928300137	
-0.523602552010742	0.3344239179172426	-0.8262037333891895	
-0.7349704733938927	0.8263781802335773	-0.4830588866084983	
-0.620691498947614	-0.7121126833466902	-0.5571064115077459	
-0.14300137370852306	-0.1941692783988873	-0.3938669630396484	
-0.5071382414539585	0.8568534698603485	-0.5652046646736262	
-0.31950434595215893	0.9439981496439324	-0.9392570906793672	
-0.2088554670781715	-0.14137764445733014	-0.9068715817974794	
-0.5038419278333374	-0.6395411148874355	-0.7170855701166263	
-0.9528369264015922	0.26220706910868186	-0.9778618162455303	
-0.5381235514816073	-0.9827484823773865	0.7863426620856871	
0.2552717845981669	-0.31142766314091463	0.025676486012374267	
-0.17589765704378424	-0.46051268469333206	0.7602178599585295	
-0.11081044791476746	0.3217001154782233	0.581713558220168	
-0.96054678868042	-0.6057323524950274	-0.20693608259642526	
-0.14806361209056018	-0.7799604081085032	-0.649965456641296	
0.9373935176258997	0.02496376435490877	-0.23467666766730055	
-0.5627054114572778	-0.4421772877525927	0.4665637852420069	
-0.831688542617435	0.3536396597960484	0.03630172697213774	
-0.6795907122476623	0.21219756398263978	0.7157615279845514	
0.2865668178269337	0.4023749967823751	-0.6627842383019776	
-0.12908518053909868	0.872124370651655	0.25298081381135096	
-0.3107214729221951	0.9541676252986364	-0.3811402359483762	
-0.8503465226105811	0.06983737959017033	-0.6443442581510568	
-0.23495922998771912	0.9623416281158846	-0.6533335646097995	
0.4555838591078377	0.1811785186845638	0.184646536462449	
0.21996534537850354	-0.2828696108586757	0.047035968481375035	
0.904361297729569	0.46998990471015456	0.5020121633201031	
0.6945198723893606	0.5522495922352197	0.2572888600125055	
0.9458010545394341	-0.3686058968188406	-0.397524250252712	
-0.03407140028695321	0.39340092124996395	-0.8800277989100718	
0.3890804795376762	0.69456408803911	0.20189832515102712	
-0.3139881697778434	0.7970831128893673	-0.6340939931580727	
-0.9589059932872868	0.20621523929102537	0.6588141916955678	
-0.08997089077441711	-0.28513020174331516	0.37777222876838223	
0.282686877310115	0.08057516780306362	-0.1658079445656443	
0.8700252499589336	-0.31433232658729626	0.5090574905560078	
-0.43991990770098843	0.6711763782492047	-0.1186653520587837	
-0.24805657265725856	-0.32608555458669297	0.175767637695326	
-0.4818355552314165	-0.27184125210716814	0.11404666355707593	
0.5685626971856792	-0.8869697758432444	-0.15228306026630556	
0.4006454821406852	-0.5742120376837936	-0.8676124635997544	
0.48506578217870044	-0.4992036372464611	-0.2641081886915093	
-0.19276983757943433	-0.06253784082732083	-0.9012083611946005	
-0.8618371440594018	-0.8874645664904673	-0.8596142506107721	
0.9192119416221125	-0.738632160403714	-0.3427067232090014	
-0.1491339353811767	0.8898509179659598	0.040236323928269146	
-0.018787649923239225	-0.313078970067707	0.565891059213644	
-0.6365799026460979	0.49580265867714757	-0.16606192120534313	
-0.5762045338654216	0.33567921997654104	-0.8753092706932564	
0.8574872716986199	-0.08258544835904114	0.5531625377213386	
0.7870265541898973	-0.6687938129450918	-0.012309978636671381	
0.8788299600669478	0.5044825993484788	0.27218347555822064	
0.49534742756710404	-0.2316531669915669	-0.9235158317071794	
-0.26724339985802636	-0.3851283658476756	-0.5446212660177909	
-0.4075364650291765	-0.06186732086623492	-0.9917762263518963	
0.17083927849453073	0.7534547411455272	0.41388252508187995	
0.4067084126896807	0.4522850650613842	-0.7821816096203101	
-0.19978852082931664	0.04751338880371625	-0.14263139274360548	
-0.30760869590381656	-0.22701394022492827	-0.3020098923252523	
0.6255391643976973	-0.4879732778766275	-0.15609758358648118	
0.40039440323671804	0.11982796906339088	0.8135149629881726	
0.8492001764854761	-0.8943834203463837	-0.31293041352629236	
-0.23433001686060473	-0.7113528769263202	0.3722565057591216	
-0.11403647560334629	-0.18232964068081625	-0.840848797378864	
-0.2887064486828046	0.46833385516765713	-0.4912086921438127	
-0.055183988930059935	-0.03840282912936277	-0.42375088379978565	
0.4683307076860157	-0.10895381700515971	-0.6521753701029416	
-0.8916082298523805	0.6224358176292578	-0.670111287682917	
0.7447227851394748	-0.7925852520101061	0.8010775684362351	
0.8709934105174036	0.5927542026941091	-0.5294078565299158	
0.7416951021371473	0.500521791812459	0.4724686283716386	
-0.9776635994849248	-0.29022668477654945	0.15398389443866622	
0.6352791912202554	-0.4361505539208014	0.7911712351058229	
0.9068011506882956	0.5506882981854484	-0.22816610793102798	
-0.4030035100941606	0.32868993957501524	-0.2952198096450065	
0.8951419527896289	-0.3428499188584414	0.9046221142627086	
-0.21631466559576262	-0.17403147930177887	0.31433059923314655	
0.17899094946916694	-0.25009606796245454	0.19985596817076123	
-0.6224742442929525	0.1893889784621614	-0.5219107007534016	
0.6248155615736916	0.7296121251624418	-0.006403835362819743	
0.10855187746653705	0.5953716029101505	-0.2561571343238891	
0.445838520219749	-0.09107125393268845	0.7787062648609154	
0.6801745118244042	0.2697620163043164	-0.2770849438455798	
0.8799659707645514	0.2396502052532592	0.4427970123666535	
-0.2214807869241584	-0.3416947157135629	-0.7913633545273243	
0.2600504581371208	-0.4244325846049777	-0.1668635614098689	
-0.6302688300037036	-0.4130935791529293	-0.8356276285271442	
-0.05690265705046382	-0.5232965757278109	0.31039732506381346	
-0.043614089216202245	0.30614175480922134	-0.4614733659610136	
-0.21862976573774517	-0.779174120842885	0.14406599686879695	
-0.8842738832582789	0.04122152107929011	0.6116291675067193	
-0.46679253278665567	0.38010676349284844	0.8006053887043102	
0.9669834982837677	-0.14917484100672596	-0.1168424341419938	
0.14053676947367333	-0.8468126725553317	-0.3789406038733514	
-0.506288398681458	-0.41490063034657976	0.876802523272643	
-0.7042695554736238	0.8565187859520543	0.17941174611719957	
-0.5638455906423677	0.7362175614467026	0.015963988709381427	
0.15261425006787133	-0.8906007205478204	0.6973931340193669	
0.263166964350966	0.9625865570997245	0.6264223206064544	
0.25829249984537284	-0.9461120592846973	-0.24575835247564648	
-0.9835656661813634	0.35269989329444185	0.6250330416915709	
0.9142454340649766	0.4975740712445248	-0.9135587233818732	
0.7226063308064765	0.658109063971945	-0.26075468148796854	
-0.7207203987433161	-0.935435667885794	0.9989456993936231	
-0.8876486822288617	0.8019767643195002	-0.9107346416686252	
0.46121370643534143	0.8414026114494652	-0.07878249457120234	
0.942113112334748	-0.6777029639822448	0.9999465779685355	
-0.1980736576595712	0.6883739542167039	0.4955540433113258	
0.5908860229310621	0.7415887730603449	0.16922634753361898	
0.3992326097722855	0.8740129810751064	-0.25409848018953574	
0.5418216445233965	-0.8168659482884012	0.20034344270973048	
-0.7819502224655046	0.41201850962746167	-0.1263474005667813	
0.32658648229013787	-0.8633341016379	0.6842830536308894	
-0.4276151612837682	-0.11395210470130157	0.16167610564270984	
0.20413059435687164	-0.3975116011144827	-0.9902036166972346	
0.1835651702877057	-0.697015263007256	0.7936294372124004	
-0.8038607369996991	-0.7726200619606892	0.7575733511406307	
0.42355101586549926	0.94946003481447	0.320702474609595	
-0.893127205975557	-0.6458868118680327	-0.8927786494986308	
-0.8878825740560208	-0.8753554423505527	-0.7195195657966601	
0.4749276203666948	-0.6725633158360121	0.9040359288511406	
-0.5674602307852161	0.6242211742498013	-0.5231695535628359	
-0.3367679050314317	0.7717219190188478	-0.35472803902546113	
0.43280843536892455	-0.9885791284470133	-0.8656183101144473	
0.18041121268848492	0.2083072469827545	-0.2553248033073834	
-0.2398924806401126	-0.32376238284043946	0.7550349084251985	
-0.5647839882990231	0.2290825498853326	0.3478371057933003	
0.668913394639826	-0.9093601832332887	0.19453055562005162	
0.0905972903419352	-0.07702547330620335	-0.4642921422474998	
0.6704404855677286	0.030466819729601413	-0.9182246352698971	
0.5452811587279877	0.8893918857811275	0.46200707292793086	
0.10515403552132774	0.409441100651483	0.2537154112302098	
0.11061814150268379	0.25908008918917746	-0.6534774787665076	
-0.5691363002066087	0.06517224241642194	-0.9589474287217902	
0.21300171455243921	0.10709217510696212	-0.1574854732166715	
-0.6960612765042	-0.2168870468401085	0.8121316205861587	
0.16753425349853412	0.9758034249941667	-0.2005719981624371	
-0.22079923383761835	0.4833225916397349	0.2577883033079471	
-0.43221798128000743	-0.9084139928724329	-0.09430651324648542	
0.6758650615688594	0.3556271234122642	-0.530146928127132	
0.04728178285757123	0.7293722190045969	0.4038266427500806	
-0.7728042205655831	0.7436414863130383	-0.38705103807434527	
0.6872258473298072	-0.7837222256948488	-0.7069091806517952	
-0.29502367142275887	0.3102522324055682	-0.8931805541110929	
-0.6994544248136656	0.030242623921463263	-0.3203729028621165	
-0.6967394174227162	-0.3172964501642703	0.5908177330573293	
0.5434073125172716	0.8139075862336489	-0.4419028213711781	
0.5646265766288371	0.8090379268358634	0.8895471913857229	
-0.17788854117589925	-0.6676151741114477	0.3204248232559487	
-0.6544214990762135	0.1555226358546763	0.5931944659702061	
-0.17183047057077128	-0.1112920773139896	0.32694789097948296	
-0.36413969805081625	0.2681611858549744	0.1629714917809414	
-0.6350203644902532	-0.628398113371022	0.1503312198058916	
0.24873788150689935	-0.18367472666936158	0.5902117729697334	
-0.4803558274273929	0.8055175002706505	-0.7887216591486049	
0.5179614967315977	-0.19007968470904668	0.6202416560916512	
0.03798375742047955	-0.020138321161360495	0.5474467325565906	
0.3897841719779447	0.23967595291716448	-0.5308485916855871	
-0.6442178607805377	-0.054885658733854314	-0.8879368916784262	
0.6962590044997028	-0.05904246124484458	-0.7244709986644391	
-0.5244174570352085	-0.6033878123954692	0.699790389642341	
-0.2567657870879011	-0.12483252315283455	0.04264857664208188	
-0.07905029794361962	-0.8136188681004104	0.3893825068401957	
-0.24555243348684586	0.5267007801285384	-0.9544360931063465	
-0.565950737413628	0.7889754883166131	0.0934606136220012	
-0.0861326844275827	0.6849829363503704	0.6073973134965194	
0.14932402495310604	-0.33550956347281014	-0.33495505748830257	
0.30451684255223765	0.9307876569400999	0.16046039248117738	
-0.3573358465620814	0.20565204649422053	-0.5407752925800984	
0.2664153673240768	-0.089950169666701	-0.8423294986856318	
0.15516637964665847	0.6444281453009043	-0.037649581197299886	
0.8104701320960539	0.4398350891769982	0.7973120273690105	
0.09919614360334017	0.1935774667060256	-0.4321056463781463	
0.47023175639192727	0.7292660067588856	0.9923344991457868	
-0.3905305404739441	-0.4521570582966684	-0.6644787667376808	
0.2520155397838659	-0.3668976723971513	-0.26458438458173816	
0.09235898513489194	0.829119301107596	0.5043728307817386	
-0.8039328117032899	-0.3921361047910473	0.9886292618408727	
-0.31568363711600445	-0.25402057813281154	0.8262890164001668	
-0.273307931016208	0.4452511791482483	0.8350285200875847	
0.8117414299012327	0.33643092468768254	-0.6691757043736338	
-0.20535638753839458	0.6496144019925398	-0.6793672783361739	
0.136982704452683	0.5827786665741858	0.8424423003279464	
-0.4854121386214645	-0.10903514399184666	0.9013058375740771	
-0.3777583098654038	0.9912782500820221	0.693518872341749	
0.5701575388042391	-0.6069559034878185	-0.08765229848067346	
-0.336906711073229	-0.6512536766487546	-0.5983323749160433	
0.09022251894638333	-0.07180796521413413	0.5216300340483538	
0.09322072937418202	-0.872583638060936	0.7761093947993739	
0.3371842916962745	0.4441163504019692	-0.8024255952936394	
0.9473138956282867	0.8641588422017833	0.1637043433936376	
-0.1724122246915567	-0.7459832908602777	-0.49476690036647675	
0.9636941754237116	0.06715603675457749	0.31219126627594385	
-0.5133676266822268	0.4123675789943646	0.8576954825685144	
0.6088928433840637	-0.9295970726696903	0.5897461679014245	
0.764880981686566	0.29611665416966526	0.4448607322214747	
0.36928485951353573	0.18307574565504414	-0.38988618069555236	
0.3685943511066885	-0.20499749950749735	0.7055779394440275	
-0.7097762010007603	0.5506989501643184	-0.5529207908048668	
0.04317017542593615	0.36901083547631996	0.6465563045602312	
0.30582296000575215	-0.2772027853051431	0.8110093085019313	
0.2810315722427237	-0.8700631066026879	0.13861694659800072	
0.14628566306173163	-0.9278686061662573	0.7635079290408413	
-0.25431404201117613	0.793608818794244	-0.5708848445839789	
0.8634116462475706	0.5522775294833474	-0.6793290249301737	
0.46337163435363216	0.6831656224330702	0.2668533659620279	
0.49877722523300927	0.5521063972697192	-0.3068238490612494	
-0.23559549364857102	0.7936432150327437	-0.382383008456579	
0.8603105608245808	0.42908236472789496	0.8492392490287014	
-0.5504661784370539	-0.6482162661819378	-0.9051112293828177	
0.6655550768093349	-0.019876722001469838	-0.33508831283096097	
-0.6286756043159984	0.5060106698842063	-0.8679134682387004	
0.800122484740812	0.8491332351752411	0.7778130418591109	
-0.2788182254674625	0.5441615201488588	-0.9759698136429641	
-0.24782326908736518	0.8499902483336074	-0.7779072334116602	
-0.14456541240830534	-0.8478401506811192	0.5276559577098848	
0.5702520630585726	-0.9133694724773695	0.5732062948407505	
0.7384007853470356	0.685636676784282	-0.7838907621477065	
0.22864361427858448	0.5329689162644327	-0.9893395823884515	
0.4849085518844587	0.025223831430480348	-0.8087374208495164	
-0.5496051444307946	0.21231122325858998	0.2823804323391461	
0.9272708402268871	0.8155162461823999	-0.26596854873405584	
-0.7388687055334255	-0.29336272431688004	0.49951784017943246	
0.7750439275195482	-0.2265793287613589	-0.7119701935950676	
-0.043497664212936216	-0.45315274721645404	-0.7111125645843583	
-0.5894477333998713	-0.7973301350928648	-0.5747734023478188	
-0.9530188480652639	-0.2954867313839813	0.28879018130780554	
0.6143167148168578	-0.2936120601478177	-0.25216658697715777	
-0.21374273634587793	-0.2392604438420034	0.31926191816083693	
-0.566524179127593	0.02551440792911497	0.5987550551001215	
0.4080715013731403	-0.27304736472721547	0.25235349941222207	
0.09910680332553612	0.41284641008773304	0.5024992269328908	
-0.9218848017404759	-0.10754451416333266	-0.9842615836518864	
0.14347912576851063	0.7214650714473372	-0.27567643989954393	
0.2881321343105857	-0.8131266816240557	0.7733457993510532	
0.42404315018359595	-0.12069449795146403	0.20337527302784908	
-0.1535492077825671	0.17917292922316508	-0.6758039680960537	
-0.11916091853776434	-0.5333639990476228	-0.8045459013371444	
0.467955160054631	0.7749931017758604	0.5723669792198972	
0.916873035971906	-0.16503128533497147	0.16629361061788706	
0.9418766701861173	-0.029096350924102787	0.33468883537635696	
0.5819096887918108	0.10774548852540689	-0.11151663623855268	
0.3582836664578589	-0.5742077273589966	-0.251396417879309	
-0.6124547269518046	-0.016244883686563627	-0.953153906090906	
0.9580106714383412	-0.6298528483156038	0.49880276178392335	
0.620787662037658	0.550772278652109	-0.17522214362724542	
-0.8459768398055796	-0.31249476037976187	0.2000763982626408	
-0.7213425134202587	0.07073053927154893	-0.5614857032983379	
0.18660685218371365	0.47512125612202427	0.46919865890895696	
0.4528860507894601	0.9471898834915092	0.0670166612835078	
-0.8718936409987939	-0.9838447989398668	0.7823298640173681	
-0.59843278471739	0.8397973276073256	-0.09606708411587062	
-0.3543333364097925	0.23849159390268115	0.059244094243054546	
-0.6971774107367796	-0.35492785376394353	-0.8115887949484856	
0.4395016694379308	0.2373197977445265	0.971281636607335	
-0.0671398498499709	0.6669562057965417	-0.6574008402751459	
0.029330219767326082	-0.5729218024252115	-0.21980730751495237	
-0.7753821785013434	0.9433166826038212	0.42341780164557097	
-0.0971797959797629	0.4270285713174703	-0.8504513594612966	
0.20457030582674218	-0.766558060010086	0.9275176868565405	
-0.5595975567683369	0.9063490889833098	0.08344955628617268	
-0.6703180384785992	0.1928892704963504	-0.7245405916074973	
-0.18718341828610008	0.9297412154729847	-0.6491872888446115	
-0.9431646403174151	0.6267507318236671	-0.18357460614579424	
0.26828015815104167	0.33892478806283055	-0.2205923982560103	
-0.522201082910059	-0.3247356145849126	0.7990987687203515	
0.40424112110234234	0.9606116607854267	-0.2303095631179115	
0.09427502719340242	-0.06972356380219669	0.719717457363825	
0.573818124373366	-0.99734161768321	-0.15062913239819498	
0.7933672115170621	0.3773794955739408	0.19013401984204092	
0.4567513191130096	-0.36747678576038767	-0.19793163047534512	
0.649147696088333	0.5122082915735383	-0.9076764699637145	
-0.9529319555151365	0.45172188764089993	0.40094847738744754	
-0.9818828167983279	-0.5991457305611914	0.1941008972349414	
-0.8735478958803273	-0.13420089366600907	-0.043428682893060344	
-0.462779050603237	-0.21920502395151698	-0.3765635250362076	
-0.9144107835710986	0.050535547432351446	-0.6568398957027805	
0.11451335778412441	-0.07398707049807296	0.8585655950429057	
0.24920321534730905	0.5735345097198544	0.9975218732380718	
0.6761138492392279	-0.5939021607014908	0.042339581747387944	
-0.4016725450630997	-0.27901672694079027	-0.7952488579325979	
-0.49951857777678155	0.7487392733590175	-0.5385595032820383	
-0.47083782488522197	-0.4399558928079076	0.5064469024978554	
0.4820546311331485	-0.7967588181450259	0.9674215631318065	
-0.2920650646366809	0.49654759060909237	0.8453509713807081	
0.4697431402337262	-0.27977312624475137	0.117056341441092	
-0.7194049059919075	0.44296435999212946	-0.5001758509383637	
-0.09075076773423418	0.23671858984523642	0.28089688680137026	
0.9108763385791957	-0.658478195435908	0.16891379648952398	
0.09647132656405999	0.3670121039626455	-0.24504157320450737	
0.2884187096644589	0.8912939148406933	0.8706611009211261	
-0.9996361362327454	0.7275234882408095	-0.6398148729368811	
0.7280233242008234	0.8778511511656001	-0.4034148206941489	
-0.10451492017214548	-0.49328480238745176	-0.2066426883271102	
0.5130957105555611	0.4485161660786223	0.8280697408993891	
-0.923684101352426	0.352096648601121	-0.9620234162882111	
0.6553874718615327	0.9324998549655305	-0.9608848230055578	
-0.4690023766268373	0.23698015614276968	-0.2647896268681945	
-0.35287694952719295	-0.23050097543888337	-0.052977737908214695	
-0.9913483766346463	0.3279627678303294	0.41101986397735746	
-0.612766089518526	0.0729889424990684	0.12544470405579722	
0.42433869486246834	-0.575975048293128	-0.592873328316982	
0.42030047007435234	0.7252038882668876	-0.8124920818039777	
-0.061658906311503725	-0.41667464342601657	-0.863284895612298	
0.28040821616147515	-0.7368658245454036	-0.042505350179541046	
0.8658043351593852	-0.850802329037607	-0.1478718968840168	
0.4991927727179192	-0.26524906142993354	0.45827006190831043	
-0.26794106322425837	-0.6702150309894236	0.3385678334158293	
-0.20610356501885674	0.024691973426278047	0.1425984349015742	
-0.3742620698189223	-0.30502847111527465	0.09041258155732712	
0.845147574441128	0.033776078982869606	0.9744041698845782	
0.14362729643379357	0.5573423718573655	0.123592618461562	
-0.684793652486951	-0.04332277623665448	-0.7928075699423454	
-0.34444044755673686	0.3708094526080682	0.6072386822183029	
-0.8112612666553426	0.8340199289350569	-0.493141513830452	
-0.9356296655405132	-0.7628488716453924	-0.5696527838637101	
0.07867344269681797	0.47190461168885856	-0.21876832750935316	
0.9472627202764874	-0.1175935211566892	0.2415499156922455	
0.5920932470108955	-0.1030925092181687	-0.946406527987305	
0.9607422836016554	-0.20270014437395478	0.7945644449460105	
-0.4957526013190694	-0.9560581240294016	0.9902055699604473	
-0.9066899206983613	0.531939705946626	-0.0866850475547355	
-0.12882007895442904	0.9004346754295837	0.27109543836690597	
0.11054230682910904	0.04802491041772172	0.7694457936985999	
0.9948449492920726	-0.1857160304630554	0.6129774952258998	
-0.32154684264688693	0.546420873040901	-0.44861567374606226	
0.46855237705481967	0.8514072357038144	-0.8361117529838749	
0.8602580086679775	0.800923538266715	0.5207922293068973	
-0.7349548002914718	0.7620846516102265	-0.020594603107331966	
0.01279969442892015	0.9855800041521442	-0.8327196523410579	
-0.12078294731602779	-0.276490061748921	-0.009110931520567744	
-0.3870731799360001	0.7150640449992779	0.42831536619215904	
0.7370291675074345	0.20919776220251907	0.008182387343318998	
-0.1267540951498558	-0.8469082485614288	0.3603031365818028	
0.20393511775185758	-0.9865577288509308	0.030923570168084114	
-0.6533360573479525	0.10403472543515258	-0.8490152823157516	
0.17604432238183332	0.7355312437373779	0.9018568600800152	
0.9746423855646298	-0.5848139870700162	0.970339940488545	
0.42497981079270986	0.4747006676186991	0.6156251596125136	
0.5601419699510705	0.3304216448890748	0.5479541523292623	
-0.3713956238165431	-0.6011477844972132	-0.0064813485581697305	
-0.3390686476400788	-0.3155511522176421	-0.011896823077852003	
-0.18509027044757387	-0.48506038183326383	-0.944222116988566	
0.5267581516647776	0.5185800239321267	0.6662003973544943	
0.8935592867695811	-0.19583990748822278	0.6247732310706204	
0.7277805161839351	0.11107593189477949	0.0827135938666893	
0.35430306284656266	-0.18914761831658178	0.9699216505808014	
-0.10135966358160353	-0.2840683237759648	0.20641198026320606	
0.45499498639852753	0.1837404599456035	-0.6907297747079555	
-0.30523643748734264	0.7998002272423848	-0.21940688646176587	
-0.5081544046482716	0.4501121847447296	0.20295549337073016	
-0.45854504558592524	-0.022713531695940037	-0.26652768766799684	
-0.5032577356999556	0.3198690014225597	0.31034140667030097	
0.48243694424610906	-0.9422111037252673	0.7947660186251038	
0.6692599685506861	-0.9054332789687151	0.3929250269570985	
-0.8891005589910322	0.5522767009773861	-0.5020349604389724	
-0.6842881935746281	0.7940830527464489	0.7525613208926056	
0.3954889220825494	-0.8993245094150432	0.7276100314843287	
0.8468076450730132	0.8484987202941792	0.7766375860784673	
0.6374816472017281	0.14968720754819242	-0.547283151210499	
-0.5938498338166117	-0.20790282912398494	-0.6835003105549247	
0.7533715933953254	0.16194232800546027	0.8606744231361878	
-0.9169314471000647	-0.13954246037319484	-0.8094019495531403	
0.6924805431581954	0.27681460641858147	-0.3763110314629964	
0.4850817966799368	-0.5396783228212926	0.6868153482454628	
0.7853727393737208	-0.35868130136637444	-0.6119964681461179	
-0.6369355073653435	0.6264083394763471	-0.5477521298627147	
-0.38654846430382195	-0.5377470045766253	0.8336571062691153	
-0.8501363527098542	0.7035673810524754	-0.363260707490331	
0.26866437019149614	0.610742792301618	0.25526782445688045	
-0.8363370631696225	-0.8056096818651405	0.10156824950527343	
0.9092415995041959	0.6605443044691969	0.8156216412456351	
-0.04386940561154751	-0.5577935178426198	-0.5523706615078403	
-0.866485924632507	0.15139191486645753	0.43462314784573663	
-0.07769692402574357	-0.7041526289776922	-0.8235629383416565	
-0.09025917219777546	0.5464354656848909	-0.8324490715591366	
-0.3675532097125087	-0.46765235136805805	-0.4692419792065774	
0.25740446993355004	0.3781150401627883	0.7693335123007258	
0.3302062792735281	0.21259276689485263	-0.15410240513928064	
0.057542612842088725	-0.6794282656284798	-0.9318996453727224	
0.2805795574280835	-0.7787353384845875	-0.7993855597588927	
0.7861201395588155	0.7554239889009218	0.6538733639060993	
0.4489986915328157	-0.34979313306422866	-0.2893305504817201	
0.625904564520223	-0.43930046093427866	-0.2146788598231284	
-0.6581225750334917	-0.8058393924726632	-0.044615373614981246	
-0.6162857357990242	0.2362763284280478	-0.6088297246510896	
-0.5031558722681968	0.18985273406615555	-0.0905652071932912	
-0.5216563598906873	0.11094095706785667	0.42219363877304916	
-0.26272976213143906	-0.19303151019567844	-0.6629440438386046	
-0.6158093086043336	0.12007980984074751	-0.7881224855107726	
0.24537607788287918	-0.4316742777972832	0.9029349723044019	
-0.7987027454994727	0.6330100443256595	0.32710392218672857	
0.8478098990285644	0.7503367041277081	-0.7954532728825398	
0.455108376773774	-0.5152501766171196	-0.49800445305914065	
-0.2662738045716392	0.8416397675680847	0.20122564965168288	
0.05157278221003725	0.3788869277023714	0.9071383258009951	
0.5609867926859647	-0.12251835799624744	0.6231082773214474	
-0.6487844911515864	0.8242910434875726	0.8333099517102416	
-0.6262796576032006	-0.04986265403936985	-0.23090474478692125	
0.28085537739507316	-0.5128738696059013	-0.5326428613147585	
0.5652874184018186	-0.8954196665747698	-0.646484800738695	
0.5211870369212217	0.9193641903607546	0.7864206831004017	
0.008109050910250937	-0.43048564697953084	0.06229314304752054	
0.5165085192068158	0.7146252399450475	0.6483312044057952	
0.0461332714291568	0.9953346748736089	-0.43137736809592886	
-0.3263348926909889	-0.9263196927299878	0.434417592553327	
-0.682768456195245	-0.046492383578701	-0.7258522858026384	
-0.5545105270087215	0.3147705765028882	-0.6797053741379672	
0.022103806061765208	0.48687804665056744	-0.6132577913661837	
-0.002664821110369142	0.7851540322110073	-0.05988770491142004	
0.8320679989912365	0.8895023011707137	-0.3465559682771464	
-0.41232267885791407	-0.13470004697849947	0.1446156463438285	
-0.6274404262139832	-0.12482193592872393	-0.20355235879132627	
-0.29307521616156196	0.0048652435579197295	-0.3108541357827218	
0.0206092773480806	-0.8950169036484622	-0.4453153496390434	
-0.3586313438567147	-0.573481542269918	0.20042827397312268	
-0.7842601210942184	0.2653691137945826	-0.4907067995010085	
0.21073394030425152	-0.2806738006017261	-0.7552988141815248	
0.8602168504059603	0.4635866427636772	0.8254258740693742	
-0.6228388536027843	0.7348774869071469	-0.10726996365199404	
-0.4324471578438762	0.9923306422076533	0.07900741860102256	
0.08111925659776897	0.8915779919845209	0.43574593634754955	
0.15978239918644888	0.4683668494658829	-0.7120049393694441	
0.1397714268207082	-0.6374309016819263	-0.3378177633998021	
-0.735191932192107	-0.5636772545451835	0.8581275019188163	
0.6407622835048336	-0.04621252638661455	-0.2793752322363151	
-0.10349032723802831	-0.9795316309977428	-0.0623890639784459	
0.9350734037562924	0.8005887373278384	0.314102975472237	
0.9281453517451663	0.5339329804822909	-0.9463673929646383	
0.9231598061376962	0.594978946756337	0.4691340255904932	
0.25039331917853536	-0.18601437006723298	0.21545926229641887	
-0.0067560373611782465	-0.7498317535271537	-0.0017981590595569363	
-0.730157845510209	0.15787972044580423	0.900557333845494	
-0.9123264304444113	0.7764170626263469	0.13131619305881714	
0.3983067961348107	0.24504368965979062	0.29786337173507604	
-0.8083699562880123	-0.23377943148456037	-0.8424556654452915	
-0.4835714562287001	0.9310417319251504	-0.7355915099432834	
0.19445456391877347	-0.9157855702442735	-0.9450774428565918	
-0.6049909872876974	-0.03994351236029314	-0.05510412334780679	
0.6892698521975815	0.1962386951552857	0.7541666287932005	
-0.4420340718663617	0.37241857641640597	0.5465623230390757	
0.08815090385784141	-0.24382106215093202	-0.529355323908179	
0.9095893404558277	0.07666612990208099	0.025461677109647196	
0.8974402009243492	-0.7961652795450407	-0.18110913083931623	
0.8738042304830934	0.4049353775241429	-0.7764633699477975	
0.9837186394569011	-0.2536439759135517	-0.712662678160349	
0.54729205798157	0.9995268596588157	-0.22471939134678576	
-3.508158709573106E-4	0.018506483916390315	0.422454276392341	
-0.8985154430710801	-0.9390791103605375	-0.4224302034993499	
-0.8719535346757308	0.2637802738653251	-0.041223416393450174	
0.700193398896187	0.45660915164232097	-0.7596615846392981	
0.8293108867159426	0.6688939173509867	0.721098845765165	
0.22536881876181203	-0.5151896014030207	-0.7234872262705629	
-0.2929230758142788	0.10526748551510345	-0.1309194270768328	
-0.07731164538628843	0.2953087152716184	0.03831190323448708	
-0.30279032415697027	-0.7951551458656174	0.8426935367122598	
0.2107225123071338	-0.10987423462142099	-0.12276983115690776	
-0.18519724561238726	0.10081415034770613	-0.7185171633193552	
0.8667404117915292	-0.3184858349501102	-0.4948813428671638	
-0.7341771159278982	-0.8286130049937007	-0.12543508201609888	
0.9030470688076953	-0.46201478226555526	-0.5471903850575313	
-0.36599965332625617	0.7539811213153156	0.5176427249119886	
0.8529000376934458	0.08169406373650967	0.997394366660893	
-0.47943956696604106	0.9881410921494075	0.2310916501781355	
-0.9932150440328866	0.5238353337724785	-0.2975167301782794	
-0.6227479476747306	0.8163536102782336	-0.23497442009760117	
-0.7418578401829301	-0.46195450139937544	0.3559620264455081	
0.030161868197622788	0.7399445975668141	0.07772956948832732	
-0.8380940721631783	0.892500031756992	-0.09183205999659594	
-0.6464519962389468	0.6506727113669527	0.352121095073719	
-0.9876859147121669	-0.9785441516146537	0.5996708197375598	
0.9074222169950792	0.3560346975586224	0.6846106562688691	
-0.9754116773425632	-0.3277092532684921	0.05534498595399351	
-0.28743884016480403	-0.05789511216046361	0.5286555362383074	
0.6628254011795679	0.0962672740234416	0.9400560034544914	
0.9619817326085196	-0.8643658104478817	0.9097285973480547	
-0.7978609934214399	0.7107632209492407	0.6995183017426958	
0.8638729748070259	-0.9861499149172677	0.7317711512279844	
-0.1654256736855284	0.9916782482611187	-0.5891281189609455	
0.9362533374709471	-0.9336039910713139	-0.31045333228380423	
0.3044158149375047	0.05056154071611141	-0.18348543261549966	
0.5035407938009226	-0.7895609424778898	0.44803106239535817	
-0.8066275717732173	0.5127249774337677	-0.8499215314743808	
0.39351898924057693	0.48549560774548384	-0.6077520567561304	
0.09682403195628264	-0.3920075090398586	0.4007232181464908	
0.7493681122790676	0.9549037565491635	0.5826783030626355	
0.570759079438161	0.3122814301094171	-0.14753367137317985	
0.3698644568315934	0.07780465955080285	-0.48445559148240347	
0.039247849467123674	-0.7322860217200904	0.6839498147059835	
-0.9091390628266172	-0.46406577043966524	-0.9019755721953607	
0.5914123536539936	0.3860381173320304	0.9186237580826841	
0.3542998241310116	-0.350787959780994	-0.698039013746172	
-0.24901986630803452	-0.3004838303724462	0.1712164629348648	
0.8798856151686117	0.21027827417463674	0.12404382642930034	
-0.13637105259052096	-0.49521903667054834	0.5273396568294342	
-0.45253504131285116	-0.08017632734616875	-0.7383850649253992	
0.33648358567852765	0.8060205836453865	0.12616169041487957	
0.42741625905214886	0.13608944696376712	0.013667889422848689	
-0.14435620216979506	-0.20459430449400173	0.6256418799070493	
-0.8398788788106439	-0.6296312280439825	0.5109993577707435	
0.061887111838892506	0.5113599432754815	-0.755397074799644	
-0.15145237861044802	-0.011046452243856475	-0.08653818610461617	
-0.6065598864124726	-0.5162568520228105	0.6259931368748657	
-0.8587301493740663	-0.8456449702341157	0.7761459191714829	
-0.8272988658253894	-0.23446908533873367	0.3159930407453776	
0.6168416101803363	0.01705608515050494	0.7783973852856065	
0.3359352609904782	-0.3296318326525791	-0.20438252728915351	
-0.36613003755845597	0.687853725467191	-0.3243718313893935	
0.6715140822303534	-0.6364954819260502	-0.5560333614207259	
0.38131628717708377	-0.5593922986088457	-0.18456041000512913	
0.9172115272377318	-0.20818801762075823	0.0016527580362900585	
0.1868441860061678	-0.13773172447253823	-0.11888994708243517	
-0.6859205846005815	-0.40012977278930106	0.7812075159374959	
0.9002663161521793	0.9713193402899876	-0.7252767406408858	
-0.8806029248285056	-0.18331940282938597	-0.9410995161206134	
-0.7774433853191081	-0.17863563828559248	0.8852881356247496	
-0.019292981482600502	-0.1541233912180794	-0.09040914879858464	
0.5389948037048139	-0.030299474823699435	-0.3424039693412795	
-0.3921802239129779	-0.5758659537169925	-0.8303114758338787	
0.4568513157157259	0.8901678301954646	-0.8790339391872788	
0.8894837881187695	0.2494297313418583	0.5733097901555017	
0.17292535368956863	-0.45375394155761173	-0.08286077830174099	
0.0038735588527130105	0.06574235919339333	0.16521973588291883	
-0.8088285821525734	-0.9498270785115394	0.8112434760651167	
-0.2699801166339145	-0.742437543469402	-0.512876328840927	
0.10622986848113491	0.7923458018785052	0.1743287996320232	
0.25607541962176006	-0.49014347566129435	-0.3043256049866834	
-0.1118615134554547	-0.08491588051273091	0.1631831940444216	
-0.1692951177192843	-0.19076559052928654	0.8858011510995458	
0.2893453788577929	0.38875354245279825	0.9486715516880007	
-0.17581242694926158	0.10079496705998481	-0.43107528565009856	
0.901924304038602	0.2676725426974811	-0.3699732293386151	
-0.6711624068715898	0.11708672323216418	-0.7038135636424687	
-0.06584892252898944	0.31990422996283263	-0.2185395296353132	
-0.9634548041268155	0.2607183658474257	0.9723502032625704	
-0.023583572253927265	-0.6965973837649678	-0.6039613836686276	
0.15350256133637163	-0.2464507273935932	-0.9888413617944182	
0.9291589586158412	0.49063473351878395	0.9626298909875501	
-0.410932029995448	-0.8109789043938168	-0.3910419847139871	
0.7749140108063359	0.8569414119078012	-0.13823594602569478	
-0.3541303007930655	0.8725745704246444	0.4249912433153762	
0.019532271054676142	-0.29675007109311546	-0.42507001505199127	
0.844423742497633	0.5878850362291453	0.5206805133010802	
0.0016936742859289255	-0.20332636326241782	-0.5207467069675906	
-0.20117125166649696	0.9585683349960806	0.9803168020060004	
-0.3418250195957935	-0.52544737380566	0.9843929225401854	
-0.6344944741667654	-0.8211082722892811	-0.8600840119629344	
0.24634798903501087	-0.2574648877805479	0.03950245904202765	
-0.5761567367388218	0.8275662640954456	0.04134282403024847	
0.9344866603995577	-0.41107438284521836	0.3975741248490232	
-0.5666408642564278	-0.39319243786763614	0.495999842388826	
-0.30711081433389475	0.16394949369648137	0.20931408531895057	
0.4277657656181231	0.5487310788229863	-0.8533148073290329	
0.47025556626536047	-0.014191129317949747	0.27459798612713515	
0.6152203386637913	0.19092049112921683	-0.5717047857726674	
-0.8128717071786467	0.9970791486122174	0.2605515072737108	
-0.9041824963743305	0.37410088138703734	0.309142196090346	
0.019025075946144665	0.3419036298520578	-0.889022757850338	
-0.9137298948989115	-0.029008359071371226	0.46953357471362245	
0.6691779506027581	-0.3616922154304488	-0.8603838696743312	
0.42203847055854216	-0.8317468120953727	0.3800043028037421	
0.9533486312206729	0.8774382556996275	0.6800128384075383	
0.9644035883734852	-0.8765938200293529	-0.12530425577265514	
0.4808601476386015	0.08097455410223975	0.5469712411654295	
-0.8399077503553819	-0.3307105567363148	-0.730587536524487	
0.2270529025395882	-0.4369256454180189	-0.0513071268481724	
-0.3800978415485692	0.36698985135810114	0.14260951726302562	
-0.3067498887165938	0.01421132585831808	0.6070766345073028	
-0.1543242526338925	-0.3831905809512638	-0.3119226789072638	
-0.5074274948622217	-0.5213626922118046	-0.3225920158420107	
-0.701432836938702	0.821170761961	0.6249422265083701	
0.35195877888566107	0.29745147245187076	0.3775673776713818	
-0.38628980352737063	-0.7994453907803132	0.9747911917131924	
0.8914601717531005	0.5817217963926207	0.9387481835750513	
0.08215927197411865	-0.2654599098988297	0.8936243931027649	
0.4531869675744795	-0.5500536380497637	0.2012742150674649	
0.5762414259966796	-0.4608829865552563	0.3966688577657991	
0.1865861372010459	0.8651753701455349	0.29243943905968384	
-0.8857188037737276	0.1738880027525045	-0.5095080333744083	
0.4625304151230235	0.8400819922100116	-0.5176772520603248	
-0.05544722592305362	-0.5268050402896512	0.8651760147311741	
-0.9864202312734267	0.7604053885563321	0.7655126092194979	
-0.48596705204860546	-0.9156904307955229	0.2664167279042292	
0.8852553144753764	-0.45152105685854693	-0.8188871146005184	
0.41179888999603054	0.18027459866179762	0.7110027060496951	
0.02194094414691017	0.8099656686145131	-0.8446773853285889	
-0.815028106586869	-0.13841253379217822	0.07429660807137395	
0.3770086265918531	0.7462780776595009	0.451390414775253	
-0.8179701534919445	-0.26857619191757975	-0.43327779232771824	
0.5185945309325666	-0.8076664093760881	-0.4169345583721895	
0.4512490424612309	0.5670914973466127	0.900045764642558	
-0.95593327463126	-0.6639417521194007	0.49402805056632715	
-0.6399095715835829	0.4437367857105835	0.8103506231880964	
0.5397886608278929	-0.6489493530037951	0.6002215832602247	
0.290223232947905	-0.9499838466739913	0.18399043439762552	
0.03515712682469618	-0.6522659814793659	0.19267521455416636	
0.4936367362096007	-0.6585766424709532	0.5389540223152826	
0.5472436669467765	0.8522223920636666	-0.7147441622309367	
-0.09185137308010272	0.13130674943113685	0.3999769503577185	
-0.6311239480132719	0.07134765990138736	-0.6820917814160022	
-0.16831014548442713	-0.12375871558491258	0.19471744646419908	
-0.658670629194285	0.9191225266879601	-0.2504626309139858	
0.4464087877579461	-0.48146263937028755	0.6770482064891726	
0.35323565093682174	0.36446678802315813	0.9754118371985038	
0.08353609864525502	0.08130527789796715	0.5569988849041168	
0.33324479612156044	0.951675602102603	-0.936201889544238	
-0.9525877659746879	-0.16521511168299796	-0.6506733318768992	
-0.030274168807023938	0.5385582149601826	0.4517412064774282	
-0.19888687567091246	-5.0638791708634834E-5	0.591004516528915	
-0.4653432130492543	0.19432197599832735	-0.2658536255427425	
0.6504839346653176	0.9782855943472635	-0.9614993475921109	
0.07907194497587422	-0.7472833032802171	0.32233149451543774	
0.5435972541942438	0.04849859919317567	0.6301644750381313	
0.11701518905465136	0.41877650899074126	0.08713945819740099	
0.002495033757835219	0.7328388134001144	-0.06959343419292352	
0.970899651805568	0.019670426147993525	0.8057997016963264	
-0.7844078985142777	0.9505534317114679	-0.5517340597951375	
-0.3696545222649831	0.3196917668781941	-0.10840407203479696	
-0.9651011729884956	-0.42232650429469576	0.3021449481611448	
-0.401040007890872	-0.42729320956347006	0.9928618751927398	
0.4995245019664577	-0.5795932513274015	-0.988588332984916	
-0.02534204899685366	-0.3390933867362247	-0.4289067237465277	
0.9444951183258196	-0.6461575139239498	-0.3025953160248792	
-0.017016313190616028	0.23295495950498368	-0.6310496986834384	
-0.0766615080298566	0.8963542881594232	0.8701797908550628	
0.1383273989313759	0.5875559069615817	0.4480800626016368	
0.6790313979920337	-0.024663529403078366	0.2991650860312919	
-0.8109446233734536	0.8138483582639003	-0.30987885015563654	
0.40313888164771716	-0.08609503949028063	0.8356270869153951	
-0.6071186336236492	-0.7800883187784134	-0.7592250291881006	
0.3414631112028601	-0.5848288091609024	-0.8607467951103841	
0.531478026472328	-0.4021587878257522	-0.7769375294195695	
0.7660009871082375	-5.088647317281758E-4	0.3119038764815967	
0.3076485685797904	0.3546975722643879	-0.8831105712492907	
0.4039349986463191	-0.3472528767608126	0.05813207417735322	
0.720812159219629	-0.9360804763431666	0.3653644398562348	
-0.6301261110171703	-0.259853978160025	0.3000965874527294	
-0.49798650835421354	-0.19159934656340472	0.9469467253915269	
0.058701605667403456	-0.5948149478822004	0.19854211890096873	
0.23222040380573727	-0.564213818104996	0.7631844546621072	
-0.21229548554347888	0.620769425451247	0.16269983653075337	
0.4750641129439833	-0.6010442949909193	0.6642002281117386	
-0.23753941755425245	0.5535085665953243	-0.5514302246570177	
-0.3335875820579737	-0.5963129512882438	0.6049710360449376	
0.019190521832971097	-0.4652457529800105	-0.9549180499027249	
-0.7138842068893242	0.49772887353286444	-0.22072092924986664	
0.522821373209589	0.4659157354505624	-0.7335247155821286	
-0.752411042268068	0.9433519662489368	-0.6163040772186889	
-0.7672871013205741	0.5162194252972029	0.09294217895716994	
-0.9696812270053689	-0.9297595073365728	-0.9226481191609576	
0.49322295697801555	-0.2877885461284282	-0.6710817934614727	
-0.2677377097960054	0.3398789552984104	-0.29149184077094725	
0.3526154038681736	-0.1352593048695515	-0.40217052454071556	
0.07350206800016268	0.38013840648256003	0.7115654673946796	
0.29702819295654403	0.48820782613929836	-0.307316196781397	
0.7045058849196548	-0.8916262841717378	-0.33502589421886153	
-0.7883544408336453	-0.807814316551849	-0.8383417929166791	
-0.40167614856388	-0.5087404636384107	0.9023730061743754	
-0.4960046447014095	0.6837869945837465	-0.47297909882293987	
-0.43576072413648703	-0.7413458863528359	0.3472376045682406	
0.27822957083232525	-0.6714908120403408	-0.4245497471089831	
-0.24964328582091289	-0.25274937352026927	0.7493453407511197	
0.4728159309230553	-0.08739011347120695	0.5880516790196668	
-0.7482118233083381	0.8958386086634904	-0.4846251299447619	
-0.8436822184506132	0.19282849600777585	0.19710789716806243	
-0.5906083571919817	0.45352214599285656	-0.6958446316836071	
0.9449405695096984	0.0018329460060533265	0.11252304394713697	
-0.6766019804165572	-0.507145910091935	-0.07531952226598815	
-0.17278014072817927	0.34804371974126713	-0.2032330044462649	
0.9494912257992203	0.4278504433061625	0.4131570170292779	
-0.3780659957474882	0.8390354644464317	-0.914221461158662	
-0.16235565317604106	-0.15087314343390135	0.4201587821655952	
0.6088372456016303	0.9132086240038524	-0.8435162084978592	
-0.37264100531893085	-0.15158769723289323	-0.9839214590817589	
-0.3419263510108306	0.395095073430351	0.9716676492898906	
0.6419760030109806	0.8946128036781621	-0.25983850249025153	
-0.4467116125999132	0.7193352722170294	0.10215046973476727	
0.7237830584585764	0.9736108165844345	0.8356194079685472	
-0.10155288034030985	-0.36174867099940267	0.07991863316146586	
-0.42065921200417544	-0.19943656292754997	-0.638608008635778	
-0.9547505039174716	-0.9778331290252864	0.45788320350835887	
-0.7866677230063176	0.028084867174706707	0.2795945275143369	
0.9869058108532626	0.30469286536867757	0.47737113827028654	
0.4365947631570649	-0.9474251388891501	-0.14498060969128423	
0.7903511130129827	-0.031809032790482084	-0.518662627385072	
-0.9048895396092743	0.7629999891950858	0.7610707192217195	
-0.33385603531437513	-0.5892307006412517	-0.5614932494654565	
0.27142070584845845	-0.1382041983264578	-0.7599267419980418	
-0.7271056972986577	0.1386779947253527	0.6729468090449056	
-0.1393454909410794	-0.2529488521133818	0.1756375780159526	
-0.03948604650606313	0.983713859338518	-0.11145300272565006	
0.5123022168495042	0.04745561817867938	-0.7930187904551452	
-0.8615000581347713	0.1395538912576163	-0.3006440483292583	
0.1738011977782563	0.2141136959932105	0.8576718359804917	
-0.02467802204291314	-0.9212490600231872	-0.6856126422845559	
0.8211025011346199	-0.8903725069056488	-0.6369964064316217	
-0.717133873133373	-0.12088874741240074	0.3366532604921927	
-0.44903384241631283	0.8894314158089427	0.09616351794804823	
0.14695867663329698	0.6501372528077854	-0.11185748769261195	
0.3161150059475982	0.2830267201676666	0.3212207872420766	
-0.9144318514364236	0.4238291339120792	0.229973374161209	
0.2560204743724369	0.22190595371940447	0.28341578985696114	
-0.35656886338882565	0.7535145917957919	-0.23872788229137165	
0.12182488222610166	-0.044617891796924214	0.09448708622282265	
0.3238142989286986	-0.6067587855631758	-0.5913501651924508	
0.7686404017504609	-0.9840360609947401	-0.052086962967324624	
0.1387272655132712	-0.7686637648965023	-0.3653232049416164	
0.19216958326517197	0.13357248320182347	-0.5176633662115163	
0.8702959522919921	-0.21649583696955366	-0.072429562278164	
-0.2463605690841426	0.781327702010193	-0.0060435677914348895	
0.5350565846547182	0.8864644439939251	-0.01794663254839346	
0.7627662292491659	-0.760461641192854	0.7966248854876392	
0.40748172101502667	-0.4736137905921288	-0.26938592744772216	
-0.8873725430780397	0.09785969099243819	0.9004932067021569	
0.28714109786599507	-0.9614517115822773	0.9914591956398375	
0.03757541146590426	0.9707067175486264	-0.3359527920785196	
-0.3289282186173462	0.22735456104025742	-0.6939943398694572	
-0.06264999961144757	0.8018712602375155	0.3768660618208728	
-0.8951842204251451	0.31295118959548507	0.8233122690283726	
0.9654694895155401	-0.24004112855201654	-0.743865441793528	
-0.8348397743556589	0.7856026882632979	0.10511533394054418	
-0.9113953110729351	0.7793403814539948	-0.6079134169713227	
-0.6347351625278252	0.04775934656364367	0.11822694295360381	
0.21217454123787183	0.8756972960563084	0.7688515574521712	
-0.022067501197104877	-0.4753892646931739	-0.7435610232146311	
0.5283439411264319	0.6135214420928763	-0.45849248008293386	
0.8244528179144921	-0.8848383421231942	-0.39148906655820825	
-0.6830546966734415	-0.2662874004653557	-0.8984737650436855	
0.21538061051681479	-0.03939446784075995	0.2633114113317524	
-0.22339571536298053	0.47841140379166136	0.017505887181690105	
0.8878764120285191	-0.7124933858248717	0.34882889338387424	
0.2022072930758263	0.27334679894635794	-0.6008112548972772	
0.20797827363275256	-0.22391732535330544	-0.40204941171828257	
-0.5840413396629806	0.6641125903086789	-0.606464704965561	
-0.002170846602427501	-0.35850205122256706	-0.7708538003636296	
0.2033380069735572	-0.30750880200636876	0.4390103792720893	
0.3292109151614029	-0.16378155188165266	0.683983578387144	
-0.3210531229643292	0.40206153754890916	-0.62014379739028	
