-9.53 -46.26
-34.35 48.25
55.82 -57.49
21.03 54.64
-38.82 -12.19
47.83 44.54
31.16 -0.02
23.82 -56.61
21.74 16.06
18.26 19.02
-23.40 -48.70
-29.58 17.77
43.08 -61.96
39.31 36.61
-13.57 -4.45
46.87 49.79
33.15 6.14
38.33 -45.31
21.57 5.61
9.69 34.32
7.41 -56.05
-26.63 28.97
47.37 -44.72
29.07 51.06
-24.60 -1.82
45.31 32.69
23.48 3.40
33.70 -41.57
2.51 3.06
10.38 28.48
1.11 -38.63
-31.94 42.06
51.43 -48.60
24.14 48.91
-34.35 -13.21
43.23 62.56
30.14 7.10
21.49 -34.62
6.78 11.96
13.29 31.27
-6.51 -55.58
-38.17 40.21
47.47 -45.95
12.59 34.75
-26.05 -7.48
45.93 46.52
17.61 6.65
39.28 -40.56
28.18 9.53
12.90 3.84
14.02 -38.78
-34.57 41.97
50.54 -40.50
8.26 40.03
-19.43 -15.05
37.14 49.94
28.03 9.24
15.64 -46.10
1.59 8.66
11.54 2.59
0.71 -44.69
-29.32 49.16
31.71 -44.94
31.98 44.95
-34.39 -18.35
53.73 38.21
27.17 1.43
30.69 -50.93
14.78 22.60
5.15 14.85
4.50 -57.22
-32.94 33.08
45.98 -34.62
26.83 41.88
-24.33 -11.44
40.57 48.84
16.62 1.38
17.40 -39.28
7.71 0.87
17.54 28.47
5.07 -49.49
-51.31 30.67
43.44 -49.83
29.85 40.31
-25.96 -15.49
63.59 34.49
18.95 2.47
19.67 -48.44
13.66 2.43
21.93 36.86
-21.10 -41.86
-45.73 33.89
40.73 -54.99
27.64 53.60
-27.06 -9.76
38.71 44.45
20.67 6.51
34.33 -56.03
12.91 6.33
23.93 18.80
-4.91 -43.79
-37.45 50.09
47.59 -42.18
11.61 28.75
-15.48 -11.39
58.33 48.34
28.52 -1.82
28.90 -40.00
23.25 -6.52
31.96 30.48
-6.29 -43.27
-44.83 34.59
49.38 -62.54
25.10 54.01
-33.34 -17.36
42.25 43.15
25.15 9.47
15.63 -42.17
4.98 11.70
36.45 18.44
-1.14 -41.94
-42.24 34.43
50.07 -43.42
32.29 34.33
-24.09 -19.07
49.28 48.96
38.48 2.80
7.87 -38.49
35.74 17.75
32.63 21.81
-2.74 -47.59
-48.96 31.93
33.94 -60.83
19.16 34.84
-29.97 -9.19
54.35 35.45
37.47 -7.32
18.68 -58.32
29.04 5.26
7.63 19.63
-6.12 -49.19
-23.76 49.83
60.80 -41.31
33.84 38.92
-35.88 -15.31
59.50 47.11
24.11 7.40
31.73 -53.67
20.62 2.30
15.93 10.28
-1.45 -31.61
-20.24 32.50
51.40 -45.57
26.39 36.94
-23.88 -12.81
34.21 39.85
15.30 4.11
38.93 -59.51
10.87 14.27
24.52 15.85
-14.85 -47.00
-37.96 53.69
39.63 -48.89
16.46 38.03
-46.34 -7.17
47.40 58.45
20.79 -0.23
30.64 -56.92
22.23 31.66
17.82 10.20
-8.83 -49.52
-30.56 38.92
24.55 -48.02
28.07 47.78
-29.67 -12.75
32.73 42.89
33.80 -6.37
22.58 -51.24
23.08 16.75
11.55 35.94
-0.78 -33.97
-52.61 40.91
53.67 -59.77
21.90 37.93
-24.18 -15.93
40.87 47.93
25.59 19.94
18.03 -42.65
17.80 -2.99
2.34 12.44
-22.71 -42.74
-43.93 33.78
38.79 -46.97
31.06 29.34
-24.32 -10.56
39.81 63.54
34.73 -0.81
32.71 -48.37
8.27 -3.73
43.74 8.28
3.43 -51.34
-36.31 36.21
47.95 -51.11
43.19 42.72
-30.03 -11.49
39.52 52.26
14.61 6.90
20.45 -38.64
6.88 14.79
15.22 16.28
10.74 -64.38
-44.00 23.07
38.58 -46.47
6.27 39.91
-21.84 -29.57
40.24 38.74
36.08 0.63
31.40 -55.50
16.50 6.78
25.64 29.62
3.26 -42.55
-42.36 28.87
43.64 -55.23
23.30 48.01
-34.08 -8.08
46.64 31.76
22.36 2.94
15.92 -57.75
20.44 9.99
16.38 16.09
4.36 -31.35
-17.02 30.98
48.68 -46.91
34.17 49.82
-37.83 -33.37
35.92 38.93
27.26 0.73
14.65 -49.97
13.21 5.01
13.15 13.45
-0.96 -49.65
-18.66 34.20
37.61 -48.11
11.38 53.20
-26.64 -10.78
52.47 48.43
20.84 2.72
22.58 -43.80
21.86 4.02
30.60 23.61
-9.20 -40.30
-33.35 32.90
46.73 -55.58
43.35 44.28
-24.91 -11.04
42.33 44.35
16.27 -15.03
34.69 -55.93
18.88 19.37
26.13 24.86
-15.24 -33.60
-39.56 31.70
38.84 -55.36
13.58 35.43
-41.86 -23.36
51.47 34.62
10.89 4.01
28.92 -42.42
22.76 11.97
32.72 23.67
-9.14 -53.52
-41.28 35.93
53.32 -58.54
25.49 38.84
-28.40 -20.28
45.90 43.63
16.44 -7.97
27.05 -49.59
26.31 10.52
6.16 24.71
1.12 -48.77
-28.93 21.25
51.14 -44.96
30.90 45.22
-24.24 -17.04
46.27 44.02
11.38 3.19
31.70 -49.31
32.68 -6.61
11.91 7.89
-10.35 -61.82
-20.27 27.35
44.79 -55.94
27.58 34.80
-27.03 -8.58
38.53 40.05
28.29 24.36
33.07 -53.41
17.73 5.92
29.28 20.22
7.68 -38.64
-30.81 35.50
46.82 -51.08
26.61 40.76
-27.99 -7.16
43.57 43.94
21.20 6.49
28.19 -40.04
21.25 -5.43
18.35 35.77
-9.73 -38.64
-40.15 30.76
53.29 -50.96
37.23 39.88
-28.22 -11.11
55.57 37.29
10.81 -6.48
14.87 -56.13
29.62 13.17
23.71 12.97
-8.65 -30.08
-48.83 30.51
42.44 -58.95
39.11 33.07
-54.08 -21.70
29.32 53.51
26.40 11.02
28.47 -47.74
12.04 2.08
19.49 3.43
-11.80 -39.71
-38.33 32.68
44.15 -47.48
16.12 35.80
-32.30 -24.66
49.82 47.39
21.48 -1.61
24.36 -46.40
24.37 1.31
14.47 15.08
-1.34 -37.93
-39.43 37.75
51.37 -57.90
25.39 39.45
-27.58 -27.20
46.92 63.17
42.26 11.15
26.92 -30.01
27.69 15.59
22.94 9.61
-16.18 -50.22
-49.99 35.51
48.99 -53.14
31.91 34.35
-21.40 -8.18
45.44 43.18
31.46 3.93
23.78 -41.51
34.02 -2.01
26.39 28.70
-10.04 -37.82
-48.92 26.35
40.18 -42.80
7.94 32.12
-22.30 12.40
44.70 50.86
19.10 6.67
27.84 -39.57
19.61 4.29
21.84 12.61
-3.44 -39.40
-32.93 21.13
41.88 -57.66
13.45 48.44
-31.37 -21.58
52.92 46.56
38.15 21.11
19.88 -51.40
24.79 14.44
28.53 17.89
-10.95 -48.10
-27.00 31.66
41.04 -44.46
24.73 48.61
-39.23 9.79
54.80 31.57
15.40 3.06
28.84 -49.02
15.28 -1.04
23.96 21.62
-7.84 -47.29
-35.22 35.52
47.84 -40.26
32.72 43.78
-15.80 1.64
58.22 51.98
32.72 -14.36
30.82 -47.57
18.63 5.92
29.11 17.63
-4.31 -47.90
-34.61 39.40
52.53 -48.86
28.52 42.60
-36.23 -22.15
51.31 53.98
24.69 0.14
21.36 -43.73
27.14 16.89
11.48 8.72
-4.79 -33.72
-55.70 30.99
44.86 -50.22
40.33 42.65
-43.10 -4.56
37.38 48.00
19.47 10.41
23.37 -49.94
22.29 10.36
26.42 16.24
-11.76 -44.30
-22.90 36.61
52.30 -40.78
36.96 44.64
-14.69 -7.47
36.68 41.22
18.11 -11.57
36.27 -52.01
21.26 -5.00
32.32 23.73
-10.18 -46.86
-46.78 36.29
42.02 -34.27
25.37 43.30
-24.30 -13.11
49.52 54.54
13.48 2.10
18.36 -60.35
25.60 1.04
28.00 2.70
-4.63 -39.65
-33.06 29.27
42.07 -54.42
25.81 41.47
-40.99 -19.89
32.41 40.93
18.32 12.15
14.71 -44.57
14.59 14.38
24.92 6.89
-13.00 -53.08
-43.66 39.82
28.58 -49.10
22.15 45.60
-29.52 -5.21
38.91 48.50
25.42 -1.48
35.83 -46.76
19.32 10.11
22.06 14.64
-4.08 -30.82
-47.78 23.32
47.96 -44.98
27.41 42.43
-24.30 -22.96
53.68 39.30
27.18 10.13
29.05 -44.56
42.09 10.86
33.85 18.56
-5.55 -33.74
-47.23 33.14
37.61 -71.79
17.54 49.04
-20.14 -27.49
43.71 43.80
17.96 5.37
13.91 -50.21
11.17 4.41
34.47 12.81
-7.91 -41.52
-40.88 21.30
50.62 -50.51
24.38 36.02
-33.26 -4.56
44.43 50.37
36.27 4.84
19.97 -49.01
16.12 5.68
22.43 17.53
2.01 -46.59
-33.39 28.56
47.74 -50.03
35.90 46.22
-29.05 -10.65
51.32 52.41
16.57 -1.47
35.71 -52.42
13.26 2.39
24.99 11.59
-9.60 -40.71
-20.27 42.29
53.30 -46.58
28.06 52.64
-22.94 -5.93
59.78 38.98
17.74 9.40
27.02 -48.97
19.02 22.09
28.48 14.58
-10.61 -43.45
-44.83 48.25
44.87 -61.92
31.39 37.89
-45.06 -24.26
48.60 54.37
30.47 12.10
31.53 -50.72
28.22 5.17
23.61 17.28
-12.82 -36.61
-17.54 36.01
39.19 -63.34
15.13 33.95
-30.73 -23.05
48.68 40.64
26.42 6.07
23.91 -49.83
15.64 9.54
18.66 20.58
-4.27 -35.29
-36.40 31.58
64.97 -44.15
23.38 47.06
-19.86 -8.00
49.07 41.56
31.91 7.72
25.15 -50.08
13.11 9.16
16.33 22.46
-7.22 -35.66
-44.94 42.16
45.56 -46.40
33.13 51.14
-26.15 -7.64
47.45 49.72
26.33 -6.92
30.52 -46.56
26.42 3.57
27.23 14.68
6.33 -36.97
-47.25 36.38
51.18 -50.69
34.74 47.96
-31.31 -22.35
37.09 50.66
38.75 12.22
27.24 -58.54
18.77 10.30
20.36 22.73
-3.47 -18.60
-31.10 37.84
33.72 -64.89
19.48 21.44
-31.59 -17.91
55.25 55.30
26.38 -0.22
7.86 -56.04
36.73 3.89
24.32 18.15
-5.22 -41.84
-26.22 18.29
53.52 -53.38
27.85 40.35
-34.21 -9.21
58.83 43.38
31.41 7.56
20.92 -41.48
19.95 20.13
29.75 25.15
4.00 -31.41
-45.00 27.26
49.47 -30.66
25.88 45.64
-28.84 -12.31
53.72 43.36
31.94 10.64
24.05 -47.41
16.32 -0.54
22.89 26.81
-22.36 -44.94
-40.44 38.72
50.81 -56.06
29.91 32.91
-23.34 -15.79
47.19 52.09
23.06 1.17
11.98 -45.46
23.15 0.95
12.97 21.13
6.17 -44.04
-35.68 38.43
49.96 -43.04
20.85 44.41
-20.42 7.99
44.75 41.11
24.17 -5.37
5.64 -40.93
5.03 15.75
5.02 24.18
-5.23 -58.70
-41.23 36.48
41.75 -59.45
26.27 42.11
-15.45 -26.65
46.13 49.53
18.19 -0.11
20.20 -40.11
11.16 5.43
31.91 16.84
-3.44 -48.54
-43.40 35.51
43.71 -44.22
29.92 29.85
-40.29 -9.68
67.18 46.16
21.85 4.29
23.19 -41.16
12.96 22.07
22.90 20.94
-16.46 -38.32
-15.64 23.50
54.42 -47.00
31.55 54.13
-16.62 2.80
54.80 47.53
27.66 -10.43
26.36 -42.82
13.56 12.16
29.80 18.50
-3.74 -34.48
-22.53 46.42
65.72 -54.59
23.55 22.10
-33.33 -10.45
45.23 38.70
25.89 4.43
28.34 -54.31
21.18 8.82
9.25 17.87
-15.46 -51.02
-31.33 43.42
33.39 -41.07
22.78 34.18
-57.07 -11.54
32.90 40.73
3.91 -3.72
17.99 -61.87
26.57 4.80
16.48 14.43
4.86 -49.91
-31.69 29.57
44.48 -38.89
31.24 42.12
-52.12 -11.60
34.34 36.22
15.68 7.55
8.07 -49.85
7.23 7.52
19.81 19.91
7.19 -55.53
-40.12 30.99
29.85 -34.10
26.25 44.80
-38.96 -14.92
59.01 43.01
24.88 2.19
25.70 -57.86
5.97 9.59
24.57 15.99
-3.89 -41.41
-28.45 27.05
42.95 -36.15
32.17 60.04
-34.36 -12.45
42.78 36.69
24.93 1.06
32.17 -55.05
15.35 4.96
20.75 33.19
8.51 -48.88
-42.70 35.67
42.44 -55.43
24.42 41.36
-19.68 -26.67
37.62 57.73
23.31 2.48
32.37 -64.04
31.38 3.54
23.50 11.97
-6.23 -54.80
-31.15 41.42
39.05 -39.59
37.68 39.70
-23.32 -31.62
54.00 36.84
23.71 -6.24
29.56 -50.16
13.40 13.36
16.75 8.88
4.47 -34.18
-46.14 40.55
51.38 -48.89
30.05 33.64
-42.95 1.08
48.24 34.11
14.62 2.41
32.97 -42.03
17.99 6.59
34.44 28.58
5.38 -36.93
-44.72 24.59
40.68 -34.33
24.65 41.15
-36.23 -14.96
49.85 30.46
19.69 9.70
19.09 -51.82
30.31 7.56
18.97 14.78
2.45 -37.20
-38.04 37.91
58.21 -47.34
26.83 32.86
-30.90 -16.15
54.40 42.51
26.04 0.65
31.49 -50.68
25.58 13.25
19.33 23.10
-7.34 -39.20
-26.16 36.46
42.64 -57.47
38.11 31.95
-20.44 -14.61
38.41 39.49
10.82 -4.30
23.13 -54.04
15.97 7.41
24.27 19.67
-17.40 -54.19
-34.99 36.08
45.59 -57.12
30.19 26.58
-30.09 -26.03
45.29 44.77
31.50 15.99
12.04 -53.16
26.76 2.90
27.63 5.12
-17.20 -34.28
-36.54 27.99
37.54 -38.06
25.22 34.55
-37.28 -12.77
51.06 36.00
12.50 -8.43
24.22 -51.09
30.62 -7.60
9.80 13.24
-4.80 -43.90
-31.81 36.45
44.35 -55.07
35.58 51.95
-25.86 -0.56
41.95 56.42
17.26 10.04
29.61 -58.51
8.32 11.16
25.58 12.95
-10.65 -33.46
-42.41 36.80
41.15 -56.13
32.51 64.83
-13.92 -34.28
56.97 34.59
21.42 -7.70
34.53 -45.75
14.05 -0.91
20.27 17.65
0.67 -49.12
-35.57 31.82
47.52 -55.17
42.72 39.60
-32.58 -20.19
51.52 49.05
25.68 9.76
18.24 -46.66
15.81 7.95
15.57 14.36
-3.33 -47.45
-37.07 40.56
17.56 -50.80
25.50 50.04
-28.86 -18.90
38.58 49.13
28.69 -3.16
16.11 -57.15
12.06 13.38
20.73 -9.27
-20.02 -42.09
-43.04 36.70
42.28 -53.52
15.73 35.27
-17.56 -12.18
54.75 42.56
36.60 -8.88
26.51 -66.76
20.43 6.47
28.43 8.01
1.57 -59.95
-33.92 36.67
41.91 -62.07
44.14 46.24
-34.93 -19.27
56.93 44.37
20.87 15.29
29.39 -53.29
29.94 15.63
19.01 14.35
2.64 -41.62
-33.08 34.56
38.29 -48.14
24.05 25.36
-29.07 -5.15
58.32 50.96
37.24 5.38
26.67 -64.03
13.31 3.84
24.72 22.03
-9.63 -52.95
-28.20 43.28
38.06 -52.87
19.56 27.44
-35.41 -30.77
54.28 53.01
17.55 2.38
15.73 -44.44
18.95 18.72
13.52 9.39
-2.92 -38.70
-32.03 23.25
51.26 -45.08
32.10 49.43
-34.70 -18.49
48.92 31.29
35.23 6.96
31.12 -34.38
7.40 18.78
26.97 19.71
-19.05 -43.44
-32.06 34.93
42.61 -55.16
17.13 46.78
-26.26 -9.64
41.05 57.00
16.36 20.40
38.90 -43.06
16.62 4.97
36.17 27.00
-9.18 -20.01
-24.10 24.68
54.82 -42.49
38.62 40.87
-27.48 -13.67
47.18 51.78
23.06 3.45
22.34 -43.37
22.66 -6.61
21.89 11.73
-5.80 -33.91
-37.41 35.04
50.07 -61.11
30.51 59.10
-40.57 0.84
49.59 37.74
27.71 3.03
14.81 -56.99
21.91 7.40
1.26 18.07
-3.21 -45.73
-47.83 33.56
18.56 -33.74
25.11 59.20
-25.16 -16.63
36.44 47.76
11.40 5.73
27.47 -62.91
29.06 11.71
13.56 20.32
-14.97 -51.76
-36.03 38.55
53.37 -54.72
14.33 36.87
-23.55 -16.21
69.36 47.07
22.76 10.62
25.33 -52.23
24.11 12.63
22.51 10.89
0.86 -54.02
-36.79 26.48
51.81 -42.51
23.75 44.73
-27.15 -13.90
41.87 52.09
5.04 -12.37
25.26 -56.71
12.55 16.74
27.43 12.09
0.49 -61.48
-38.59 37.43
31.71 -55.16
27.76 45.49
-33.02 -17.83
53.12 27.24
29.32 3.67
31.32 -51.39
24.92 12.13
12.55 21.88
-7.38 -53.80
-16.59 38.75
44.01 -45.13
19.92 61.52
-30.02 -9.25
33.38 46.87
27.29 11.08
14.28 -49.77
15.05 14.35
5.85 10.21
0.39 -42.39
-42.91 40.97
54.12 -57.70
30.89 48.12
-36.64 -16.85
44.83 62.78
20.28 23.79
33.93 -51.39
15.44 7.33
22.13 28.54
-8.65 -53.02
-27.57 34.92
36.84 -34.87
33.20 31.17
-43.82 -15.15
57.69 41.36
29.33 4.10
27.56 -44.35
15.48 22.02
9.57 3.84
-7.38 -42.40
-44.98 33.23
36.19 -45.22
39.50 41.73
-31.20 -12.33
39.50 42.79
18.28 -3.60
19.65 -50.52
7.19 7.63
10.95 10.67
-7.65 -33.81
-37.96 39.70
40.49 -52.96
24.95 21.91
-29.46 -23.72
43.98 31.26
32.39 11.77
30.61 -48.36
24.37 8.64
17.68 32.13
-0.03 -28.97
-28.84 40.98
35.36 -59.87
20.84 51.05
-26.44 -25.63
49.63 58.93
43.21 7.26
23.05 -48.29
7.69 4.79
14.81 15.66
-17.54 -51.66
-35.65 41.46
28.64 -49.60
30.04 32.55
-36.21 -12.76
36.88 50.79
7.48 3.18
39.84 -45.91
16.38 10.78
26.81 26.23
